          9
         -7
          0
         -4
          1
         -8
          1
         -9
          5
         -9
          0
          3
         -2
          9
          5
         -7
          2
          0
         -1
         -1
         -9
          1
          6
         -1
         -5
         -3
         -5
         -6
         -2
         -5
        -10
          9
          2
          3
         -8
          8
          5
         -6
          5
          9
         -3
          8
          5
          6
         -2
          1
          2
          4
          3
        -10
          8
         -6
        -10
          7
         -4
         -7
          8
         -1
         -1
          4
         -6
          4
          4
         -2
          6
         -8
          9
          6
          8
        -10
          5
          8
         -7
          6
          2
         -1
          3
          1
          8
         -2
          9
          5
         -2
         -4
         -2
          2
          2
          1
         -8
         -2
         -8
         -6
         -1
          4
          3
          4
         -1
        -10
          6
         -2
          2
         -2
          2
         -4
          4
        -10
          5
          4
         -1
          3
          8
          6
         -6
         -6
          7
         -7
          1
         -5
         -7
         -8
         -9
         -8
         -2
          9
          2
         -4
          9
          6
          1
          4
          0
          4
          9
          2
          4
         -1
         -5
          5
         -4
         -3
        -10
          4
        -10
         -7
          8
         -4
          1
          6
        -10
         -7
          0
          8
         -7
         -9
         -5
          6
          6
         -7
         -1
          5
         -4
          2
         -5
          1
         -1
         -1
         -1
         -6
         -3
         -7
          9
         -3
          1
         -6
        -10
          3
          5
         -7
         -2
          2
          5
          9
         -4
         -4
         -1
          8
          2
         -2
          9
         -6
         -6
         -6
          1
         -7
        -10
         -3
          4
          1
          7
         -6
          8
          9
         -3
         -2
          5
         -6
         -5
         -7
         -4
         -9
         -6
         -7
         -3
         -7
          2
          4
          4
          1
         -1
         -5
         -9
         -6
          5
          3
         -3
         -8
          8
          1
         -8
          3
         -9
         -6
          4
          6
         -7
          0
         -7
         -6
         -7
          0
          6
         -8
         -7
         -3
         -3
         -2
          2
          9
        -10
         -5
          0
          9
          1
          7
          4
          2
