          4
          9
        -10
         -1
          8
         -4
         -7
         -9
          5
         -2
         -1
         -5
         -2
          7
         -5
        -10
         -4
         -2
          0
          4
          0
         -4
          0
          2
          8
         -2
          1
         -6
         -5
         -6
          2
         -2
          6
          9
         -6
         -5
         -4
          6
         -2
          1
        -10
         -1
         -7
          5
        -10
          7
          3
          8
         -4
         -6
          8
          1
          7
          4
          5
          7
         -2
         -9
         -4
          8
          3
          9
         -3
          9
          0
          1
          4
          0
          5
         -8
          0
         -3
         -6
         -2
          1
          5
         -7
         -9
          5
         -5
          4
          1
          3
          3
          4
        -10
         -8
          6
         -7
         -9
          2
         -7
         -5
         -2
         -1
         -7
         -1
         -9
          4
          9
          4
          1
         -3
         -3
         -7
          1
         -2
          8
          1
          8
         -3
         -4
         -6
          3
         -5
          6
          3
         -2
        -10
         -5
          7
         -1
         -3
          6
         -1
          6
         -4
         -1
          0
          1
         -3
          6
        -10
          1
          8
         -7
         -8
         -7
          6
          0
          5
          8
          4
         -2
        -10
         -4
          1
         -2
          0
         -1
        -10
         -7
         -4
         -3
          9
          8
         -1
          1
        -10
         -4
         -5
         -1
         -7
         -4
         -3
        -10
          4
         -6
          4
          3
          6
         -3
          8
         -9
          1
         -5
          4
          3
         -8
          5
          1
         -5
         -1
          0
          3
         -7
        -10
         -8
         -6
         -4
          0
          4
         -9
          3
        -10
          0
          2
         -2
         -6
         -2
          2
        -10
         -9
          5
          8
          0
         -1
         -4
         -5
          7
         -6
         -1
         -9
         -1
        -10
         -5
         -9
          8
          1
          2
          7
         -9
          6
          1
         -8
         -9
          0
          8
          2
         -9
          5
         -4
          6
          7
          9
         -7
          5
         -4
          2
         -2
          2
         -2
          8
         -9
          1
          5
         -6
          3
         -2
         -9
          1
         -8
          5
          1
         -8
          1
