          9
          7
          0
          9
        -10
         -8
          0
          0
         -1
          0
         -9
          8
          0
         -4
         -7
         -7
         -8
          7
          2
          0
         -8
          6
          2
        -10
          0
          1
          1
          0
         -7
         -4
          2
         -4
         -9
          8
          4
         -6
          1
         -8
         -8
         -6
         -7
         -8
         -2
         -1
          5
          0
          0
         -2
          9
         -3
          4
         -4
          5
          8
          2
          8
          5
        -10
          5
          6
         -3
         -5
          5
          2
          3
         -2
          0
         -2
          5
         -3
          0
          3
         -2
         -2
          8
          0
         -1
          7
         -1
         -9
         -3
          6
         -7
          2
         -5
         -1
          1
         -7
          6
        -10
          8
         -4
         -7
          0
          7
        -10
          1
          4
        -10
          5
          0
          1
          0
          5
        -10
          2
          8
         -9
         -8
          8
          2
          7
          7
         -3
          8
          1
          2
         -3
         -3
          7
         -3
         -6
          4
          5
         -4
         -6
          4
          0
          6
          7
          2
         -3
         -7
         -5
          6
          4
          2
         -2
          6
         -3
         -7
          9
         -3
         -3
        -10
          3
          1
          7
          2
        -10
          6
          0
          8
          4
         -8
         -6
         -1
         -2
          4
         -2
          1
         -3
         -3
          6
          2
          3
          1
          6
         -9
          0
         -5
          3
          6
          3
          2
         -1
          6
          5
          3
         -5
          1
         -1
         -5
          4
          7
         -2
          0
         -1
          6
          0
          1
          0
         -6
         -4
         -2
          9
          1
          8
         -9
         -6
         -4
         -9
          1
          2
          5
         -8
         -6
         -4
         -9
         -1
          2
        -10
          0
         -5
          0
         -4
          4
         -7
          5
          9
          2
          4
         -5
          0
         -3
         -6
          9
         -1
          9
          8
         -9
         -7
         -4
         -5
         -9
         -2
          8
          6
         -6
          5
        -10
          1
        -10
         -1
          1
          1
          7
          4
          4
          2
          4
         -1
          0
        -10
         -4
          6
