          5
          6
          6
         -2
         -4
          0
          4
          0
          3
          5
         -3
         -9
          8
          5
          1
         -5
         -7
          2
         -6
         -8
         -8
          4
         -4
         -3
          7
          3
         -8
          7
          9
          0
         -1
          4
         -7
          7
          9
          5
         -4
         -6
          3
        -10
         -5
        -10
         -1
         -3
          7
          2
         -7
          4
          7
         -7
         -1
          6
          6
          1
         -5
          5
          6
         -4
          6
         -7
        -10
          2
         -9
          4
          8
          7
          4
         -3
          0
          8
          5
          1
          2
          6
          8
          7
         -7
         -4
         -1
          0
         -7
          1
          4
          7
          3
         -9
          0
          5
         -2
         -7
        -10
         -6
          1
         -4
        -10
         -1
         -2
         -3
          6
          1
          1
          6
          6
          6
         -2
          6
         -5
         -6
         -2
          9
         -3
          7
         -7
        -10
          0
          3
         -9
         -7
        -10
          0
         -1
          2
         -3
          3
          4
         -9
         -2
         -8
         -6
         -1
         -4
          7
          3
        -10
         -2
          5
          2
          4
         -9
         -2
         -1
         -5
         -8
         -1
         -5
         -5
          0
          4
          6
         -9
        -10
          1
         -4
         -3
         -3
          7
         -1
         -5
          6
         -2
         -7
         -3
         -2
         -2
          7
         -6
          3
         -2
          4
          8
         -7
          5
         -1
         -3
          2
         -7
         -8
          0
          5
         -3
          2
         -1
         -6
          8
         -8
          7
          0
          3
          9
          5
          9
          5
         -1
         -1
         -5
         -9
          9
          5
          5
         -5
        -10
         -2
          7
          6
          0
          6
         -7
         -1
          8
          2
         -6
          8
          1
          4
         -6
         -7
          2
        -10
         -5
         -5
          4
          0
         -2
         -1
        -10
         -7
         -6
          2
         -3
          0
          6
          1
         -2
          7
          5
          8
         -3
         -2
         -9
          7
         -4
          7
         -4
         -4
         -9
          5
          1
          1
         -9
          0
          8
          0
          7
          4
          3
         -4
