          6
          5
         -5
         -1
          8
         -8
         -6
         -2
         -3
          5
         -4
          3
         -7
          8
          9
          2
         -1
          2
         -3
          1
        -10
          5
          6
         -4
          9
          6
         -1
          5
         -6
          7
         -8
          7
          6
         -8
         -1
          9
          1
         -3
         -8
          8
         -2
          6
         -2
         -3
        -10
          0
          6
          2
          2
        -10
          9
         -4
          5
          2
         -8
          7
         -1
          2
          2
         -2
          5
         -3
         -8
          4
          5
          4
         -2
          1
          2
          6
         -9
          5
         -4
          8
          3
          5
          6
          6
          4
         -9
         -9
         -1
          1
          1
          7
         -6
          0
         -4
          8
         -8
         -5
          7
         -6
         -9
          3
         -7
          7
         -7
         -5
          5
          7
          4
          4
         -4
          3
          2
         -4
          0
         -1
         -9
          7
         -9
          2
          9
         -7
         -6
          1
          5
          3
         -9
         -3
         -9
          3
          0
          8
          8
         -3
          5
          0
         -7
          1
        -10
         -5
         -5
          7
          2
          1
         -7
         -4
          1
          7
         -8
          7
          6
          9
          0
          9
          0
         -3
         -9
          2
          5
          8
         -7
         -3
         -8
          0
         -2
          0
          8
         -5
          5
         -8
          6
         -4
          7
         -9
         -6
         -2
          3
         -4
          0
          5
          1
         -7
         -4
         -1
         -8
          5
          5
         -7
         -3
         -7
          1
        -10
          3
          8
         -8
          7
          9
          3
         -5
         -7
          6
          1
          1
         -5
         -2
        -10
         -1
         -2
         -5
         -9
         -7
          1
          8
         -5
         -4
         -2
          3
        -10
         -9
          4
         -7
        -10
         -7
         -9
          0
         -7
         -3
          9
          4
         -5
          8
          7
          6
         -1
         -9
         -5
         -6
          5
          4
         -3
          2
          7
          9
        -10
          4
          6
          9
         -3
         -4
         -5
          4
          2
         -1
          8
          3
          8
         -3
          3
          8
         -5
         -6
          3
         -9
