 477820
 157596
  47644
 720360
 336807
  18198
 975300
 652032
 146777
 413176
  19451
 439057
 881826
1003516
 290981
 887006
 856470
 482448
  40215
 309214
 376451
 547206
 829460
1014221
 509532
1007695
 923570
 190615
 218879
 249630
1002412
 688428
 840932
  20126
 270213
 106930
 857755
 927570
 481453
 932657
 801048
 977817
 922560
 959490
 124556
 392929
 611208
 937775
 965429
 352020
 112143
 978193
 590893
  40264
 717271
 862749
 878273
 623093
 385688
 648834
 257154
 383089
1002945
 110357
 656723
 951934
 684175
 949561
 854110
  50232
  12715
 201121
 586106
 936984
 184193
 291000
 136577
  60897
 960248
 666530
 753455
1033741
 101015
 233528
 466755
  35009
 308045
 768538
  27765
 853193
 142294
 193235
 293633
1005526
 441737
 981546
 147647
 700896
 583183
 667813
 385748
 376895
 472995
 724862
 437849
 137085
 230990
 218904
 494778
 919778
 790235
 805939
1046291
  49660
 740209
1035709
 302978
 829577
 505897
 224641
 458078
 984493
1027159
 977300
 881064
 273277
 308340
 925096
 463946
 898735
 175449
1017677
 299425
  15390
 428572
 184574
 836936
1039653
 278378
 936777
 132558
 616192
1004595
 679619
 588030
 829278
 295099
 101659
 787338
 240961
 405563
 229869
 339464
 306553
 594721
 526276
 841342
 363692
 925075
 759218
  90248
 805007
 468230
  12035
 842454
 262069
 641861
 129788
 962025
 341936
  84223
 397825
 640957
   6314
  11552
 112395
 400345
1034706
 451885
 554373
  47695
 103928
 890284
 558788
 614912
 800888
 138612
 832573
 571448
  69977
 752256
 342987
 896517
 882517
 716256
 821301
 686845
 721583
 446508
 833054
 273732
 679437
 621899
 335996
1042354
  22627
 126181
 897351
 378738
1041536
 190429
 675390
  73946
 784778
 309795
  74129
 315936
 400533
 722338
 715921
 519661
 591445
  28655
 760817
 909663
 368184
 136432
 358817
 329000
 607932
 438524
 752609
 759903
1039546
 810848
 157181
 734674
 858169
 650790
 441103
 272543
 275738
 516015
 595680
  42841
 375652
 654513
 464280
1041011
 523163
 535992
 529793
 364572
 259003
 249596
 400771
