 251607
 291021
 510945
 679758
 259630
 512048
 362876
  94595
 726951
  54662
 946673
 554255
 259086
 530115
 659524
 393961
 620780
 932931
 747343
 698024
 631283
 569172
 109162
 439915
 109968
 598937
 564171
 174844
 809529
 316226
 480369
 945428
 421038
 604377
 731547
 368487
 194543
 964978
1021626
 138244
 493040
 904348
 950039
 731628
 491970
 109312
 769512
 442548
 917712
1001035
 498834
 880267
 923448
 490066
 608941
 971877
 507548
  18296
 567760
 887315
 163371
 524050
 476474
  69139
 350154
 774336
  20247
 945000
  90604
 579917
  67811
 224222
 582846
 372309
 288331
 890692
 597740
 149966
 712805
 844113
 299885
  43991
  58807
 880213
  88016
 634878
 708746
 563662
1037278
 361825
 643569
 165760
 491321
  47749
 280763
 135473
 800503
 153401
 872419
 571709
 961582
 616810
 404722
 179985
 606192
 256102
  89306
 561437
 859329
  42781
 679029
  22536
 898283
 966731
  10148
 469367
 695271
 579489
 730597
 121751
1000825
 528541
 997090
 785010
1014554
 688155
 379343
 733502
 791559
 694503
 595824
 991549
 173741
 142245
 118796
 309911
 705243
 230438
 404335
1004809
 273342
 365501
 371000
 535855
 533618
 227111
 396830
 686583
 527693
 604068
 503619
  88630
 466143
 342271
1000454
 680078
 611144
 411446
 332354
  38389
 311955
 222730
 660660
 754894
 668949
 648765
 685280
 589884
 559149
 861146
 794678
  80147
 111507
 110559
 758366
 155169
 294878
 701383
 550547
 324983
 861839
 767095
 161435
 801388
 112713
 593114
 339898
 115185
 751639
 134753
  56501
 109335
 321164
 328335
 327587
 749301
 811560
 893316
 252801
  43556
 761225
 817261
 833891
 204575
 724430
 180137
 631970
 664804
 918925
 705316
 281665
 681586
 640295
 539824
1036823
 509445
 461758
 469315
1036851
 309959
 795158
 811597
 376126
 342277
 521900
 788129
 486449
 415465
 848896
 251131
 161270
 158331
 218604
  26969
   2943
 765288
 157906
 837776
 805391
 983235
 330026
 370017
 716478
 795992
1024373
 745778
 955925
 189414
  34295
 845525
 596002
 572485
 164928
 489033
 416537
 373928
