     477820
     157596
      47644
    -328216
     336807
      18198
     -73276
    -396544
     146777
     413176
      19451
     439057
    -166750
     -45060
     290981
    -161570
    -192106
     482448
      40215
     309214
     376451
    -501370
    -219116
     -34355
     509532
     -40881
    -125006
     190615
     218879
     249630
     -46164
    -360148
    -207644
      20126
     270213
     106930
    -190821
    -121006
     481453
    -115919
    -247528
     -70759
    -126016
     -89086
     124556
     392929
    -437368
    -110801
     -83147
     352020
     112143
     -70383
    -457683
      40264
    -331305
    -185827
    -170303
    -425483
     385688
    -399742
     257154
     383089
     -45631
     110357
    -391853
     -96642
    -364401
     -99015
    -194466
      50232
      12715
     201121
    -462470
    -111592
     184193
     291000
     136577
      60897
     -88328
    -382046
    -295121
     -14835
     101015
     233528
     466755
      35009
     308045
    -280038
      27765
    -195383
     142294
     193235
     293633
     -43050
     441737
     -67030
     147647
    -347680
    -465393
    -380763
     385748
     376895
     472995
    -323714
     437849
     137085
     230990
     218904
     494778
    -128798
    -258341
    -242637
      -2285
      49660
    -308367
     -12867
     302978
    -218999
     505897
     224641
     458078
     -64083
     -21417
     -71276
    -167512
     273277
     308340
    -123480
     463946
    -149841
     175449
     -30899
     299425
      15390
     428572
     184574
    -211640
      -8923
     278378
    -111799
     132558
    -432384
     -43981
    -368957
    -460546
    -219298
     295099
     101659
    -261238
     240961
     405563
     229869
     339464
     306553
    -453855
    -522300
    -207234
     363692
    -123501
    -289358
      90248
    -243569
     468230
      12035
    -206122
     262069
    -406715
     129788
     -86551
     341936
      84223
     397825
    -407619
       6314
      11552
     112395
     400345
     -13870
     451885
    -494203
      47695
     103928
    -158292
    -489788
    -433664
    -247688
     138612
    -216003
    -477128
      69977
    -296320
     342987
    -152059
    -166059
    -332320
    -227275
    -361731
    -326993
     446508
    -215522
     273732
    -369139
    -426677
     335996
      -6222
      22627
     126181
    -151225
     378738
      -7040
     190429
    -373186
      73946
    -263798
     309795
      74129
     315936
     400533
    -326238
    -332655
     519661
    -457131
      28655
    -287759
    -138913
     368184
     136432
     358817
     329000
    -440644
     438524
    -295967
    -288673
      -9030
    -237728
     157181
    -313902
    -190407
    -397786
     441103
     272543
     275738
     516015
    -452896
      42841
     375652
    -394063
     464280
      -7565
     523163
    -512584
    -518783
     364572
     259003
     249596
     400771
