      86135
     515074
     420098
    -129649
     430138
     299335
     108465
    -180525
     521077
    -496842
     327549
     190232
     453615
    -467749
    -396041
     161396
    -496434
    -384119
     -65535
     372521
     284111
     469664
    -399843
    -390855
    -240325
     -94103
     391292
    -490060
     349601
     181080
    -264445
    -268076
    -202419
    -378818
     187870
      80223
    -246584
    -311549
     200499
    -366249
      30154
      15471
    -376376
    -164232
     392411
      21724
    -378806
    -481291
     180544
     279622
     381768
    -312352
    -124355
    -224826
     192667
    -443158
     493937
     159481
    -106586
     -23424
      98046
    -404698
      88468
     218628
     403118
     129187
    -106096
      73102
    -315036
     428899
     172278
    -335101
     383696
     445976
    -203351
     314329
     250503
     -97358
    -139516
    -438025
     -17317
     160408
     179558
    -288072
     150808
    -425564
     414727
     214446
    -276348
    -245038
      88072
    -231707
    -426558
      42809
     502762
    -462535
    -220400
    -298424
    -391772
     369784
      50772
     134996
       7790
     198782
     348808
     463515
     -41830
    -447343
      65009
    -408570
     -39656
    -511668
    -401752
     207621
    -258457
     492971
     363701
     450263
    -413182
    -146831
     182750
     394276
    -138321
    -259120
     248558
    -331553
     209304
     398579
     401050
     389502
     508442
    -206397
     312360
     339766
    -115451
     179653
     140191
    -258078
     465563
    -329012
    -317622
    -188172
    -223169
     383818
    -468726
    -393517
    -431724
    -121496
    -237385
    -432502
    -199258
     344395
     -68851
     512453
     235936
    -490052
    -347213
    -311827
      35743
     245866
     168872
     331237
    -449085
    -400199
     329969
    -324399
     374660
     -51085
      97463
     -89577
    -307009
     266755
    -397940
     492200
     406337
    -373033
    -246497
     462348
     396528
     468095
    -243369
    -199362
    -162122
     338185
     416714
     -38180
     401028
     104631
     290500
     469276
    -269144
     406755
     233187
     203980
    -186801
     351158
    -440961
     517749
    -158212
     162346
     417927
     225411
     514740
    -484201
     292108
     478629
    -165693
     -43446
     312605
     504848
     223567
     -65857
    -358369
     449476
     204722
     -25098
    -104769
    -122875
     155141
     461037
     292960
     133215
    -423107
    -102309
    -127762
     455122
    -195701
     206730
    -265195
    -144131
      17888
     241738
     444004
     415967
     505714
    -504429
     311424
     355091
     -85870
      72928
    -353998
    -262893
    -105753
     395363
    -383572
    -267160
     134839
    -207776
     119577
    -387958
     143535
     419443
    -213851
    -431298
      28564
     478398
