      46743
    -463420
    -224927
     503850
    -170426
     431191
     517349
      81831
     397908
     459597
     441497
     257644
     403117
     443649
    -487780
     116346
     290296
    -114526
     184366
     -71570
    -236430
     411422
    -359696
    -107638
     256640
     123127
    -419080
       -923
      44268
    -165168
     355536
    -335308
    -144925
    -141384
      55933
       6306
       8480
    -327000
    -300317
    -362512
     219621
     400135
     463055
     338112
     251713
     276489
    -431726
    -360946
    -485820
     -93982
     418955
     198117
    -199906
    -193229
    -275287
    -101304
    -366647
    -166010
     359214
     -33051
     293499
     100947
    -400417
    -344898
     229947
     464906
     272162
      16847
     158118
    -414110
     325311
     -84192
    -235492
     -96789
     270079
    -439541
    -108395
    -395721
     367925
     -21894
       9815
    -128895
    -164147
     332218
      28296
    -250098
      99016
    -228537
      12289
     123264
    -170121
     111893
     -17980
     288197
     445667
     126713
     231773
     241590
     175279
      51698
     104831
      17875
    -482921
     411019
     185839
    -195544
     323246
     304251
     126894
     476555
     144994
     135916
     112405
    -488867
    -138720
     121189
     336324
    -415760
      49273
     319021
    -329303
     454415
    -176108
    -490795
        764
    -195186
    -506219
    -251214
      90751
      84751
    -166268
    -501668
     132663
    -461854
    -376325
     227610
     183003
      81944
    -301046
     356859
       8870
    -522170
    -219584
     282352
     -95318
    -342729
     210672
    -168454
    -182431
    -253240
     -39413
    -185582
      64999
     223935
     -49886
     423077
    -434597
    -128036
     329126
     -73959
     324657
      54283
     465178
     160291
     291184
    -411246
     521232
    -263310
     506413
    -190476
    -329593
    -413966
    -463923
     -51229
     -56375
    -221706
    -258703
    -451122
     -20841
    -226181
     107977
     -53263
     203230
    -146631
      61751
    -136904
     346730
     147688
     448006
    -113514
     341002
    -519983
     391285
      -9092
     408634
     319196
    -513456
     215852
      69748
    -472556
    -316588
    -440907
     439919
      99146
     339910
    -114435
     149890
      78989
     341257
     409156
     435337
      40197
     178333
    -226540
    -144183
    -464823
    -503422
      27727
    -317484
      32221
      71497
     227736
     309539
     465534
    -431291
     -99254
     -16902
     324312
     187709
     227587
    -133670
      72020
     151085
     220951
    -160401
     128347
    -239918
     243836
     107560
     368608
    -446196
     395510
     -80499
    -433401
      19355
     379148
    -176155
     -50024
      -8087
     192919
    -337270
     420815
     201287
     178390
    -415865
    -331941
