     416073
    -134464
     -21492
     315095
     249904
     254915
     177191
    -319875
     360688
    -129720
    -387903
    -295076
     -83046
    -104578
     189547
     207889
     368269
      81441
     402389
     451001
     314315
     182863
     197222
    -195063
     287264
     462811
    -420639
     431760
     -13244
     482711
    -247601
     488367
    -303286
      50299
     492978
       4693
    -377355
    -376730
    -138507
     321517
     286481
     104275
    -373689
    -120794
     141234
    -346993
     349992
    -402137
      73510
     252771
     357597
     222363
     289057
     265281
    -115760
    -442246
    -235133
      -3482
      97472
     164024
     -83432
    -222870
     197319
     449597
    -411524
     339139
      62096
    -391577
    -505417
    -338952
    -245968
     494577
    -459021
    -502295
     517132
    -103677
    -383865
     504988
      26080
    -373388
     -68038
    -293928
     235098
    -428200
     502351
    -262617
    -135143
    -104940
     266157
    -217221
    -295134
     389450
    -171437
     508800
     456401
    -223729
     399013
    -305947
      62448
    -376920
     -62868
    -136333
     338588
    -321461
    -385805
     181111
    -105080
    -242892
    -353064
    -510112
    -415179
     258696
     322630
     274711
    -134351
     451918
     157662
     238790
     500838
      48667
    -245079
    -465034
     -28148
    -143243
     500302
      82045
     101795
     136718
    -159285
    -283509
     -76399
     -42245
    -113684
      63147
      -7871
     499411
    -519598
     -82375
     417188
     446120
     -27333
    -295363
     182535
     189257
    -518165
    -376373
     413252
     -58908
     113056
    -119636
       2575
     135804
     231609
    -326700
    -264676
     243855
     498140
    -197877
     155681
    -522575
     416105
     168505
    -274690
      49427
    -304902
    -336078
    -172646
     291118
     227292
    -405047
    -227897
     488058
    -108764
      60801
    -154148
    -445339
    -338884
     322284
     113193
    -139551
    -245157
     498997
     354297
     509187
     449967
      86666
     149977
    -285456
    -430546
    -462228
    -123959
       1208
     378626
     163711
      56706
     -42458
    -517060
      23968
    -445041
     429283
     278041
      -8234
     236328
    -341811
    -203237
     317746
    -300756
    -187990
     153160
    -469167
    -447438
     329614
    -167080
       7499
    -376146
    -407918
    -216315
     277619
    -436495
    -398706
    -380483
     191249
    -217168
     206243
    -523395
     149498
    -251240
    -224402
    -515045
     367192
     418708
      50460
     285276
     382538
     355645
     126031
     504700
    -467451
     383570
    -201143
     207989
     -35712
     291383
      86569
       3428
      35275
     338498
     -85831
    -107203
     -27747
      33882
    -304366
     -92965
     -19582
    -505125
    -221729
