    -441496
    -118299
     338638
      -3324
    -194035
    -436264
    -412119
     343074
     453097
     493385
     242050
    -279842
    -468898
    -276071
     452896
    -428473
    -372441
     -51961
    -522652
     119584
     113821
    -487015
    -205281
       5301
     484218
     512845
     482900
     322076
     300512
     289640
    -265379
    -102010
     365258
      88616
    -458176
     514910
     386912
      -8802
     223806
    -360218
     168473
    -111909
     489894
    -110590
     283128
     478423
     485316
    -134409
    -373216
    -359001
    -389143
      95352
     186411
    -326932
     434871
    -302974
     156807
    -316122
    -196260
     -30903
     341987
     331876
     294260
     -81591
     131280
    -346068
    -350980
     427663
     470396
     203612
     253701
     371932
     215548
      38953
     -79182
     218397
    -490542
    -221625
     336478
    -276692
     457346
    -302276
    -387660
    -289234
     253027
    -494680
    -125720
     299427
    -154037
    -336843
     110028
    -163418
    -360433
     128166
    -316386
     478478
    -221361
     449812
    -472328
     217427
    -135144
     224487
     126694
    -352980
      33475
    -366675
     -52313
      69061
     340257
     389030
    -354520
    -159146
      78214
     201321
    -479855
     405936
    -349943
    -308684
     275443
    -313517
     -80668
      81862
    -504799
     518744
     196176
    -491427
     194912
    -318563
     -88301
     -19426
     184942
    -175286
     479604
    -317697
    -345981
     -59774
    -265711
     -96057
     -23634
     262171
      58154
     488482
    -201526
    -142157
     247301
    -242344
     361373
    -400484
    -332889
    -112421
      -1431
    -492539
     510726
    -505739
     318258
     460986
     171336
     490031
      32928
      99365
    -402067
    -422107
     179842
    -249714
    -458726
     221148
    -193537
       8223
    -465766
     171117
     315394
    -440470
     338156
       5670
     401565
     239284
      66347
    -341108
     207046
     -63734
      -9406
    -291539
    -441624
    -390421
     417937
     388579
    -250145
     199134
    -382900
     490646
    -264817
    -178582
      -1868
     466956
      74470
    -337479
    -229762
     505662
     421103
    -388159
     465435
    -150182
    -228295
    -200579
    -170582
      11189
     -85525
     398287
    -362345
     444172
     181482
     371857
     468363
     105821
     348613
     426858
     412332
    -387511
    -213871
      64508
    -516315
    -197839
    -497153
      40509
    -276155
    -348720
    -434554
    -518774
     200675
     497497
    -122252
     328758
    -117590
     -51137
     380541
    -233146
     -46351
    -418543
     197540
     407470
     108548
     430345
     -18638
     198915
     468624
    -323689
     502444
    -217716
     191755
    -251669
    -378984
    -264755
     -89242
     161399
    -120439
     171763
