    -205379
     170026
    -374285
    -457684
    -393158
     465342
     153146
     479281
     -57462
     437385
     101714
    -518154
      54606
    -286501
    -130153
      58918
     358457
     419464
    -453334
     370542
       -160
     435824
     417820
     215086
     430579
      98643
     434218
     348659
    -255630
    -460180
     454726
    -140567
    -203374
    -114222
     463232
    -295501
    -160726
     486294
    -185912
     202147
    -114098
    -200172
    -496115
     172399
     -18902
     211014
    -301040
    -360749
     468107
    -454714
    -301902
    -304141
    -109974
    -245544
    -499494
    -426477
    -432716
     -68989
    -499852
     195639
      77261
     508007
     233004
      84593
     472812
    -366478
     243112
     209019
     216827
     -69010
    -520187
     405800
     258284
     518902
    -385182
    -188087
       1669
    -185791
    -374875
    -206749
     376356
    -231369
     361964
     253517
     -61671
     302227
    -133765
     159548
     219324
    -217206
     523146
     -29397
     208950
     122125
    -478604
     170679
    -145142
    -124440
      27007
    -305262
    -416293
     380410
       6279
     -84104
    -391304
     114610
     409033
    -435538
     -74526
     348756
     200949
    -296983
     245007
    -407094
     502015
      54504
    -414229
    -198673
     -33167
     334023
    -125532
     358214
     355603
    -136094
     276172
      44674
    -168202
    -219272
     473993
    -383276
    -363413
    -295373
     498277
    -111692
    -149794
    -334384
     464532
     140608
      20719
     394379
     202043
     181867
     285427
    -407388
     325133
     366803
     487861
      92192
    -422504
    -251048
       5758
    -462834
    -486910
    -308850
    -113108
    -251523
      11980
    -301502
      30000
     265755
      16891
    -476205
    -482784
    -346596
     143525
    -359041
    -209108
     -41591
     367566
     266789
     311761
    -316684
    -182507
     180092
     219457
    -430080
      35127
     156361
     376861
    -466493
     481409
    -340975
    -455662
     186549
      -8556
      20314
     392921
      49932
      80310
    -225885
      12590
     452208
    -213770
     519308
    -324329
    -345465
    -489186
     385913
      12632
    -444426
     306717
     511395
     327344
    -344413
     406302
     174004
    -241690
    -303863
      32741
    -195260
      36268
      94098
     -30207
      78818
    -514330
    -246586
    -134821
      35123
    -278877
     136228
      44278
     -25807
    -395410
     231127
     317480
     -22017
    -145907
    -328773
    -287978
     498305
     127667
      83634
     244405
     -21487
      62028
     -99058
     434024
    -149724
    -442061
     338136
    -169265
    -217044
    -288415
     315763
     184311
    -113843
     459942
    -130658
     239576
    -353694
     509101
     445562
     263664
     362190
    -268628
     -58865
