     -82580
     385920
     405824
    -238278
      41410
     460102
    -148738
    -120863
     255415
      46159
     153229
      21978
    -451397
     490327
    -366299
     149655
    -475124
     335180
    -427046
    -472122
     497454
     390718
    -178377
    -128711
     240289
    -490846
    -127355
    -146689
    -313602
    -279615
      46194
    -351921
     400169
    -165413
     399831
     -48594
     254328
    -520743
     249004
     516285
    -174784
    -212075
     237827
    -384891
     334556
     137415
     337122
     130253
     171579
      91509
    -212444
      52276
     475291
      -2183
    -470141
    -385296
     -33110
     -73836
    -295393
     454836
       3996
    -264015
     467754
    -385686
     380645
     115058
     468463
    -224358
     466438
    -520957
      41771
    -150228
     332132
     395070
     256941
     409399
    -372706
     397749
      26766
     369143
     152503
     447502
     108581
     -90155
    -412379
     496194
    -378609
      14880
     224935
    -281352
       1600
      85083
     266930
    -143492
     176981
    -218248
     379379
    -187328
    -372877
    -448509
     512920
      45052
    -203432
     -78964
    -331224
     352761
     332420
     -60936
     281095
      47391
    -305951
    -470537
     410176
     366366
      75909
     -52735
     -52321
    -300832
    -199858
      58113
     393784
    -441453
    -244815
     184926
     310565
     356108
    -355994
     471084
     497613
    -332634
     465357
     -43375
     183012
      79968
     368283
      13864
     336786
     273601
      24788
     -42359
      76553
     491562
    -339627
      79517
     -33659
     -72158
     -68734
     374468
    -211759
     120936
     261035
     387974
     363499
      17271
    -331259
    -509535
     284797
    -228284
       -928
     -64429
     414991
    -359952
     150452
     -13595
    -481440
      -6219
      80628
     327914
    -278318
     -97369
    -230589
     202117
     428079
     324080
     427951
       1098
     427826
     371751
     364431
    -203520
    -113259
     325736
    -108310
     234518
    -242087
      57306
     297437
    -293685
     139007
    -153513
      -6229
      -8983
    -137959
     -56075
    -116635
     -87857
     323923
     242079
     437553
    -135708
      34156
     125193
    -306592
      52214
     177204
      77555
     -82919
    -377330
    -103544
    -386668
     220246
     -45997
    -101050
    -282820
     475899
    -481264
    -459820
     465593
     486141
    -376718
     -97330
     349376
    -425879
     523572
      66135
     420576
     387408
     216359
     143034
     437628
    -523265
      44344
    -121839
    -125397
    -506106
      90039
    -249136
     415441
     276241
    -290642
     522697
    -291490
     -63362
    -354847
    -216553
     126495
    -501041
    -463963
     -20570
    -461546
    -449002
      92569
    -187202
     449989
     -42882
     440024
