     251607
     291021
     510945
    -368818
     259630
     512048
     362876
      94595
    -321625
      54662
    -101903
    -494321
     259086
    -518461
    -389052
     393961
    -427796
    -115645
    -301233
    -350552
    -417293
    -479404
     109162
     439915
     109968
    -449639
    -484405
     174844
    -239047
     316226
     480369
    -103148
     421038
    -444199
    -317029
     368487
     194543
     -83598
     -26950
     138244
     493040
    -144228
     -98537
    -316948
     491970
     109312
    -279064
     442548
    -130864
     -47541
     498834
    -168309
    -125128
     490066
    -439635
     -76699
     507548
      18296
    -480816
    -161261
     163371
     524050
     476474
      69139
     350154
    -274240
      20247
    -103576
      90604
    -468659
      67811
     224222
    -465730
     372309
     288331
    -157884
    -450836
     149966
    -335771
    -204463
     299885
      43991
      58807
    -168363
      88016
    -413698
    -339830
    -484914
     -11298
     361825
    -405007
     165760
     491321
      47749
     280763
     135473
    -248073
     153401
    -176157
    -476867
     -86994
    -431766
     404722
     179985
    -442384
     256102
      89306
    -487139
    -189247
      42781
    -369547
      22536
    -150293
     -81845
      10148
     469367
    -353305
    -469087
    -317979
     121751
     -47751
    -520035
     -51486
    -263566
     -34022
    -360421
     379343
    -315074
    -257017
    -354073
    -452752
     -57027
     173741
     142245
     118796
     309911
    -343333
     230438
     404335
     -43767
     273342
     365501
     371000
    -512721
    -514958
     227111
     396830
    -361993
    -520883
    -444508
     503619
      88630
     466143
     342271
     -48122
    -368498
    -437432
     411446
     332354
      38389
     311955
     222730
    -387916
    -293682
    -379627
    -399811
    -363296
    -458692
    -489427
    -187430
    -253898
      80147
     111507
     110559
    -290210
     155169
     294878
    -347193
    -498029
     324983
    -186737
    -281481
     161435
    -247188
     112713
    -455462
     339898
     115185
    -296937
     134753
      56501
     109335
     321164
     328335
     327587
    -299275
    -237016
    -155260
     252801
      43556
    -287351
    -231315
    -214685
     204575
    -324146
     180137
    -416606
    -383772
    -129651
    -343260
     281665
    -366990
    -408281
    -508752
     -11753
     509445
     461758
     469315
     -11725
     309959
    -253418
    -236979
     376126
     342277
     521900
    -260447
     486449
     415465
    -199680
     251131
     161270
     158331
     218604
      26969
       2943
    -283288
     157906
    -210800
    -243185
     -65341
     330026
     370017
    -332098
    -252584
     -24203
    -302798
     -92651
     189414
      34295
    -203051
    -452574
    -476091
     164928
     489033
     416537
     373928
