  86135
 515074
 420098
 918927
 430138
 299335
 108465
 868051
 521077
 551734
 327549
 190232
 453615
 580827
 652535
 161396
 552142
 664457
 983041
 372521
 284111
 469664
 648733
 657721
 808251
 954473
 391292
 558516
 349601
 181080
 784131
 780500
 846157
 669758
 187870
  80223
 801992
 737027
 200499
 682327
  30154
  15471
 672200
 884344
 392411
  21724
 669770
 567285
 180544
 279622
 381768
 736224
 924221
 823750
 192667
 605418
 493937
 159481
 941990
1025152
  98046
 643878
  88468
 218628
 403118
 129187
 942480
  73102
 733540
 428899
 172278
 713475
 383696
 445976
 845225
 314329
 250503
 951218
 909060
 610551
1031259
 160408
 179558
 760504
 150808
 623012
 414727
 214446
 772228
 803538
  88072
 816869
 622018
  42809
 502762
 586041
 828176
 750152
 656804
 369784
  50772
 134996
   7790
 198782
 348808
 463515
1006746
 601233
  65009
 640006
1008920
 536908
 646824
 207621
 790119
 492971
 363701
 450263
 635394
 901745
 182750
 394276
 910255
 789456
 248558
 717023
 209304
 398579
 401050
 389502
 508442
 842179
 312360
 339766
 933125
 179653
 140191
 790498
 465563
 719564
 730954
 860404
 825407
 383818
 579850
 655059
 616852
 927080
 811191
 616074
 849318
 344395
 979725
 512453
 235936
 558524
 701363
 736749
  35743
 245866
 168872
 331237
 599491
 648377
 329969
 724177
 374660
 997491
  97463
 958999
 741567
 266755
 650636
 492200
 406337
 675543
 802079
 462348
 396528
 468095
 805207
 849214
 886454
 338185
 416714
1010396
 401028
 104631
 290500
 469276
 779432
 406755
 233187
 203980
 861775
 351158
 607615
 517749
 890364
 162346
 417927
 225411
 514740
 564375
 292108
 478629
 882883
1005130
 312605
 504848
 223567
 982719
 690207
 449476
 204722
1023478
 943807
 925701
 155141
 461037
 292960
 133215
 625469
 946267
 920814
 455122
 852875
 206730
 783381
 904445
  17888
 241738
 444004
 415967
 505714
 544147
 311424
 355091
 962706
  72928
 694578
 785683
 942823
 395363
 665004
 781416
 134839
 840800
 119577
 660618
 143535
 419443
 834725
 617278
  28564
 478398
