  46743
 585156
 823649
 503850
 878150
 431191
 517349
  81831
 397908
 459597
 441497
 257644
 403117
 443649
 560796
 116346
 290296
 934050
 184366
 977006
 812146
 411422
 688880
 940938
 256640
 123127
 629496
1047653
  44268
 883408
 355536
 713268
 903651
 907192
  55933
   6306
   8480
 721576
 748259
 686064
 219621
 400135
 463055
 338112
 251713
 276489
 616850
 687630
 562756
 954594
 418955
 198117
 848670
 855347
 773289
 947272
 681929
 882566
 359214
1015525
 293499
 100947
 648159
 703678
 229947
 464906
 272162
  16847
 158118
 634466
 325311
 964384
 813084
 951787
 270079
 609035
 940181
 652855
 367925
1026682
   9815
 919681
 884429
 332218
  28296
 798478
  99016
 820039
  12289
 123264
 878455
 111893
1030596
 288197
 445667
 126713
 231773
 241590
 175279
  51698
 104831
  17875
 565655
 411019
 185839
 853032
 323246
 304251
 126894
 476555
 144994
 135916
 112405
 559709
 909856
 121189
 336324
 632816
  49273
 319021
 719273
 454415
 872468
 557781
    764
 853390
 542357
 797362
  90751
  84751
 882308
 546908
 132663
 586722
 672251
 227610
 183003
  81944
 747530
 356859
   8870
 526406
 828992
 282352
 953258
 705847
 210672
 880122
 866145
 795336
1009163
 862994
  64999
 223935
 998690
 423077
 613979
 920540
 329126
 974617
 324657
  54283
 465178
 160291
 291184
 637330
 521232
 785266
 506413
 858100
 718983
 634610
 584653
 997347
 992201
 826870
 789873
 597454
1027735
 822395
 107977
 995313
 203230
 901945
  61751
 911672
 346730
 147688
 448006
 935062
 341002
 528593
 391285
1039484
 408634
 319196
 535120
 215852
  69748
 576020
 731988
 607669
 439919
  99146
 339910
 934141
 149890
  78989
 341257
 409156
 435337
  40197
 178333
 822036
 904393
 583753
 545154
  27727
 731092
  32221
  71497
 227736
 309539
 465534
 617285
 949322
1031674
 324312
 187709
 227587
 914906
  72020
 151085
 220951
 888175
 128347
 808658
 243836
 107560
 368608
 602380
 395510
 968077
 615175
  19355
 379148
 872421
 998552
1040489
 192919
 711306
 420815
 201287
 178390
 632711
 716635
