 416073
 914112
1027084
 315095
 249904
 254915
 177191
 728701
 360688
 918856
 660673
 753500
 965530
 943998
 189547
 207889
 368269
  81441
 402389
 451001
 314315
 182863
 197222
 853513
 287264
 462811
 627937
 431760
1035332
 482711
 800975
 488367
 745290
  50299
 492978
   4693
 671221
 671846
 910069
 321517
 286481
 104275
 674887
 927782
 141234
 701583
 349992
 646439
  73510
 252771
 357597
 222363
 289057
 265281
 932816
 606330
 813443
1045094
  97472
 164024
 965144
 825706
 197319
 449597
 637052
 339139
  62096
 656999
 543159
 709624
 802608
 494577
 589555
 546281
 517132
 944899
 664711
 504988
  26080
 675188
 980538
 754648
 235098
 620376
 502351
 785959
 913433
 943636
 266157
 831355
 753442
 389450
 877139
 508800
 456401
 824847
 399013
 742629
  62448
 671656
 985708
 912243
 338588
 727115
 662771
 181111
 943496
 805684
 695512
 538464
 633397
 258696
 322630
 274711
 914225
 451918
 157662
 238790
 500838
  48667
 803497
 583542
1020428
 905333
 500302
  82045
 101795
 136718
 889291
 765067
 972177
1006331
 934892
  63147
1040705
 499411
 528978
 966201
 417188
 446120
1021243
 753213
 182535
 189257
 530411
 672203
 413252
 989668
 113056
 928940
   2575
 135804
 231609
 721876
 783900
 243855
 498140
 850699
 155681
 526001
 416105
 168505
 773886
  49427
 743674
 712498
 875930
 291118
 227292
 643529
 820679
 488058
 939812
  60801
 894428
 603237
 709692
 322284
 113193
 909025
 803419
 498997
 354297
 509187
 449967
  86666
 149977
 763120
 618030
 586348
 924617
   1208
 378626
 163711
  56706
1006118
 531516
  23968
 603535
 429283
 278041
1040342
 236328
 706765
 845339
 317746
 747820
 860586
 153160
 579409
 601138
 329614
 881496
   7499
 672430
 640658
 832261
 277619
 612081
 649870
 668093
 191249
 831408
 206243
 525181
 149498
 797336
 824174
 533531
 367192
 418708
  50460
 285276
 382538
 355645
 126031
 504700
 581125
 383570
 847433
 207989
1012864
 291383
  86569
   3428
  35275
 338498
 962745
 941373
1020829
  33882
 744210
 955611
1028994
 543451
 826847
