 607080
 930277
 338638
1045252
 854541
 612312
 636457
 343074
 453097
 493385
 242050
 768734
 579678
 772505
 452896
 620103
 676135
 996615
 525924
 119584
 113821
 561561
 843295
   5301
 484218
 512845
 482900
 322076
 300512
 289640
 783197
 946566
 365258
  88616
 590400
 514910
 386912
1039774
 223806
 688358
 168473
 936667
 489894
 937986
 283128
 478423
 485316
 914167
 675360
 689575
 659433
  95352
 186411
 721644
 434871
 745602
 156807
 732454
 852316
1017673
 341987
 331876
 294260
 966985
 131280
 702508
 697596
 427663
 470396
 203612
 253701
 371932
 215548
  38953
 969394
 218397
 558034
 826951
 336478
 771884
 457346
 746300
 660916
 759342
 253027
 553896
 922856
 299427
 894539
 711733
 110028
 885158
 688143
 128166
 732190
 478478
 827215
 449812
 576248
 217427
 913432
 224487
 126694
 695596
  33475
 681901
 996263
  69061
 340257
 389030
 694056
 889430
  78214
 201321
 568721
 405936
 698633
 739892
 275443
 735059
 967908
  81862
 543777
 518744
 196176
 557149
 194912
 730013
 960275
1029150
 184942
 873290
 479604
 730879
 702595
 988802
 782865
 952519
1024942
 262171
  58154
 488482
 847050
 906419
 247301
 806232
 361373
 648092
 715687
 936155
1047145
 556037
 510726
 542837
 318258
 460986
 171336
 490031
  32928
  99365
 646509
 626469
 179842
 798862
 589850
 221148
 855039
   8223
 582810
 171117
 315394
 608106
 338156
   5670
 401565
 239284
  66347
 707468
 207046
 984842
1039170
 757037
 606952
 658155
 417937
 388579
 798431
 199134
 665676
 490646
 783759
 869994
1046708
 466956
  74470
 711097
 818814
 505662
 421103
 660417
 465435
 898394
 820281
 847997
 877994
  11189
 963051
 398287
 686231
 444172
 181482
 371857
 468363
 105821
 348613
 426858
 412332
 661065
 834705
  64508
 532261
 850737
 551423
  40509
 772421
 699856
 614022
 529802
 200675
 497497
 926324
 328758
 930986
 997439
 380541
 815430
1002225
 630033
 197540
 407470
 108548
 430345
1029938
 198915
 468624
 724887
 502444
 830860
 191755
 796907
 669592
 783821
 959334
 161399
 928137
 171763
