 843197
 170026
 674291
 590892
 655418
 465342
 153146
 479281
 991114
 437385
 101714
 530422
  54606
 762075
 918423
  58918
 358457
 419464
 595242
 370542
1048416
 435824
 417820
 215086
 430579
  98643
 434218
 348659
 792946
 588396
 454726
 908009
 845202
 934354
 463232
 753075
 887850
 486294
 862664
 202147
 934478
 848404
 552461
 172399
1029674
 211014
 747536
 687827
 468107
 593862
 746674
 744435
 938602
 803032
 549082
 622099
 615860
 979587
 548724
 195639
  77261
 508007
 233004
  84593
 472812
 682098
 243112
 209019
 216827
 979566
 528389
 405800
 258284
 518902
 663394
 860489
   1669
 862785
 673701
 841827
 376356
 817207
 361964
 253517
 986905
 302227
 914811
 159548
 219324
 831370
 523146
1019179
 208950
 122125
 569972
 170679
 903434
 924136
  27007
 743314
 632283
 380410
   6279
 964472
 657272
 114610
 409033
 613038
 974050
 348756
 200949
 751593
 245007
 641482
 502015
  54504
 634347
 849903
1015409
 334023
 923044
 358214
 355603
 912482
 276172
  44674
 880374
 829304
 473993
 665300
 685163
 753203
 498277
 936884
 898782
 714192
 464532
 140608
  20719
 394379
 202043
 181867
 285427
 641188
 325133
 366803
 487861
  92192
 626072
 797528
   5758
 585742
 561666
 739726
 935468
 797053
  11980
 747074
  30000
 265755
  16891
 572371
 565792
 701980
 143525
 689535
 839468
1006985
 367566
 266789
 311761
 731892
 866069
 180092
 219457
 618496
  35127
 156361
 376861
 582083
 481409
 707601
 592914
 186549
1040020
  20314
 392921
  49932
  80310
 822691
  12590
 452208
 834806
 519308
 724247
 703111
 559390
 385913
  12632
 604150
 306717
 511395
 327344
 704163
 406302
 174004
 806886
 744713
  32741
 853316
  36268
  94098
1018369
  78818
 534246
 801990
 913755
  35123
 769699
 136228
  44278
1022769
 653166
 231127
 317480
1026559
 902669
 719803
 760598
 498305
 127667
  83634
 244405
1027089
  62028
 949518
 434024
 898852
 606515
 338136
 879311
 831532
 760161
 315763
 184311
 934733
 459942
 917918
 239576
 694882
 509101
 445562
 263664
 362190
 779948
 989711
