 965996
 385920
 405824
 810298
  41410
 460102
 899838
 927713
 255415
  46159
 153229
  21978
 597179
 490327
 682277
 149655
 573452
 335180
 621530
 576454
 497454
 390718
 870199
 919865
 240289
 557730
 921221
 901887
 734974
 768961
  46194
 696655
 400169
 883163
 399831
 999982
 254328
 527833
 249004
 516285
 873792
 836501
 237827
 663685
 334556
 137415
 337122
 130253
 171579
  91509
 836132
  52276
 475291
1046393
 578435
 663280
1015466
 974740
 753183
 454836
   3996
 784561
 467754
 662890
 380645
 115058
 468463
 824218
 466438
 527619
  41771
 898348
 332132
 395070
 256941
 409399
 675870
 397749
  26766
 369143
 152503
 447502
 108581
 958421
 636197
 496194
 669967
  14880
 224935
 767224
   1600
  85083
 266930
 905084
 176981
 830328
 379379
 861248
 675699
 600067
 512920
  45052
 845144
 969612
 717352
 352761
 332420
 987640
 281095
  47391
 742625
 578039
 410176
 366366
  75909
 995841
 996255
 747744
 848718
  58113
 393784
 607123
 803761
 184926
 310565
 356108
 692582
 471084
 497613
 715942
 465357
1005201
 183012
  79968
 368283
  13864
 336786
 273601
  24788
1006217
  76553
 491562
 708949
  79517
1014917
 976418
 979842
 374468
 836817
 120936
 261035
 387974
 363499
  17271
 717317
 539041
 284797
 820292
1047648
 984147
 414991
 688624
 150452
1034981
 567136
1042357
  80628
 327914
 770258
 951207
 817987
 202117
 428079
 324080
 427951
   1098
 427826
 371751
 364431
 845056
 935317
 325736
 940266
 234518
 806489
  57306
 297437
 754891
 139007
 895063
1042347
1039593
 910617
 992501
 931941
 960719
 323923
 242079
 437553
 912868
  34156
 125193
 741984
  52214
 177204
  77555
 965657
 671246
 945032
 661908
 220246
1002579
 947526
 765756
 475899
 567312
 588756
 465593
 486141
 671858
 951246
 349376
 622697
 523572
  66135
 420576
 387408
 216359
 143034
 437628
 525311
  44344
 926737
 923179
 542470
  90039
 799440
 415441
 276241
 757934
 522697
 757086
 985214
 693729
 832023
 126495
 547535
 584613
1028006
 587030
 599574
  92569
 861374
 449989
1005694
 440024
